00 00 00 00 40 80 00 00 41 00 00 00 41 40 00 00 
3F 80 00 00 40 A0 00 00 41 10 00 00 41 50 00 00 
40 00 00 00 40 C0 00 00 41 20 00 00 41 60 00 00 
40 40 00 00 40 E0 00 00 41 30 00 00 41 70 00 00 
41 80 00 00 41 80 00 00 41 80 00 00 41 80 00 00 
41 88 00 00 41 88 00 00 41 88 00 00 41 88 00 00 
41 90 00 00 41 90 00 00 41 90 00 00 41 90 00 00 
41 98 00 00 41 98 00 00 41 98 00 00 41 98 00 00 
41 A0 00 00 41 A0 00 00 41 A0 00 00 41 A0 00 00 
41 A8 00 00 41 A8 00 00 41 A8 00 00 41 A8 00 00 
41 B0 00 00 41 B0 00 00 41 B0 00 00 41 B0 00 00 
41 B8 00 00 41 B8 00 00 41 B8 00 00 41 B8 00 00 
41 C0 00 00 41 C0 00 00 41 C0 00 00 41 C0 00 00 
41 C8 00 00 41 C8 00 00 41 C8 00 00 41 C8 00 00 
41 D0 00 00 41 D0 00 00 41 D0 00 00 41 D0 00 00 
41 D8 00 00 41 D8 00 00 41 D8 00 00 41 D8 00 00 
41 E0 00 00 41 E0 00 00 41 E0 00 00 41 E0 00 00 
41 E8 00 00 41 E8 00 00 41 E8 00 00 41 E8 00 00 
41 F0 00 00 41 F0 00 00 41 F0 00 00 41 F0 00 00 
41 F8 00 00 41 F8 00 00 41 F8 00 00 41 F8 00 00 
