01000001100000000000100000000000
01000001000000000000001010000001
00100100000000000011111110000000
01000000110101011110011010000010
01000011000110100010101100000011
00110110010000000000000010000100
00011001000000000100000000000110
00110110001000000000000100000110
00011101011111010000001100000111
00110110000000000000000100001000
00011000000000001100000100001001
00011100011111010000000110001010
00001001000000001000000010001011
00001101011111010000000100001100
00001000000000001000000010001101
00001100011111010000000100001110
01010100101000000000000110001111
00011000001000011100000100010000
00101000100111111100001100000001
00001000001000011100000100010001
00100000100000000000010000000010
01001000001000011100000100010010
00011001001000011100000100010011
00001001001000011100000100010100
01111001000000011100000100010101
01111000000000011100000100010110
01111100001111111100001100010111
01001001000000011100000100011000
00110100000000000011111110011001
01001000000000011100000100011010
00111000100111111100001100011011
01001100000000000100001000011100
00110000100000000000010000011101
01011001000000001000000010011110
01011000000001001100100100011111
01011100000000000000010110100000
00001011111000000100000100100001
00001111111000001000000100100010
00001011011000000000000100100011
00001111011000001000000100100100
00001011100000000100000100100101
00001111100000001000000100100110
00001011000000000000000100100111
00001111000000001000000100101000
01111000100000010000000100101001
01111001100000010000000100101010
01110100000000010000000100101011
01110101000000010000000100101100
01110110101001101100000010101101
01110110101001101100000100101110
01110110001010110101011100101111
01111000010010111001011010110000
01011000010010111001011010110001
01011000100010111001011010110010
01011000101010111001011010110011
01011000110010111001011010110100
11100110101010111001011010101101
01010110100000000000000100110110
00011010011000101000010010110111
00001010011000101000010010111000
01001010011000101000010010111001
00000000000000000000000000000000
